356334
223572
308460
241179
939883
147889
230651
488351
60124
570721
249683
264620
537749
689074
193499
403425
985710
718714
384810
369127
406455
938595
90595
593251
676982
165758
806317
976508
592019
922149
159229
840371
95186
601616
322236
167685
352508
868062
524575
30845
386726
398724
259040
680441
594451
417530
756084
512292
257122
468081
816940
427858
937448
204524
662994
794970
347231
203165
791788
668505
45155
539370
89640
56893
853337
988810
282350
288520
640527
540751
821366
270415
430858
875230
976607
584496
252849
565547
44554
455210
700523
701959
647412
685133
389923
494025
234057
921565
945201
114021
446901
417711
76150
180464
47913
430173
908791
83023
202624
43284
153928
523292
328393
710555
803878
471340
726937
869931
933559
643337
955771
913535
327362
743083
862665
45899
901633
173663
676403
836289
96322
145026
828698
27427
847758
340717
959421
346169
155836
897300
591187
901915
554616
314470
146839
748088
899551
134164
313895
454778
955923
907945
345866
64860
946212
314741
944254
780858
954592
647417
730575
757660
850799
667534
232888
728879
459438
815502
785841
758430
951972
473261
705899
236863
177978
167476
935806
47401
793359
487184
197421
815910
19327
76514
245249
456751
949424
85394
3577
653335
139662
251043
665602
266470
469712
896467
537409
826492
628464
258364
233040
822209
21347
527989
763928
363219
565195
278097
66077
480155
288792
823934
676614
463725
142499
728448
434363
235557
773616
939881
661053
36656
693334
200989
525482
759987
273605
959151
371155
298636
479421
801808
747045
540713
576247
975018
898441
508744
70720
429741
172987
422659
940854
10413
952647
189125
55391
282346
204684
241402
820887
316686
69276
27206
914128
982649
105932
519326
778314
268369
174883
771539
148538
473354
907693
139549
350867
899362
611444
143077
158487
45487
324837
436000
142101
210538
304695
540316
648281
336371
211762
117580
722070
948563
796298
415071
461161
917613
14471
921250
539494
848441
177543
32127
178489
810769
252755
385071
72012
720922
499271
705002
469393
588279
186253
972528
106646
125869
521763
523723
